30515030
3643946
3638048
3647353
3636489
3639701
3639230
3647081
30515083
3638039
3644583
3636567
3641552
3640751
3644934
3644581
3644579
3641615
3638541
3646493
3647685
3645339
3640098
3636229
3642332
3640435
3639667
3645573
3642295
3642097
3647761
3635585
3637956
3646561
3640156
3647345
3643436
3635843
3642786
3641380
3637402
3645781
3639286
3637056
3635675
3640084
3635659
3647068
3638482
3640752
3638862
3635636
3639245
3647393
3641874
3645193
3639660
3640737
3642003
3642040
3641368
3647561
3634870
3637751
3643185
3642562
3639196
3644935
3637794
3648216
3647101
3638909
3636634
30514972
3636151
3646024
3644459
3637744
3646025
3641366
3641244
3640561
3645718
30514968
3643018
3642655
3643781
3638466
3637326
3642331
3636545
3646796
3639203
3646721
3634863
3637811
3648114
3644761
3642254
3638539
30515141
3644847
3636599
3636194
3647409
3635268
3643773
3644694
30515015
3644017
3636977
3646070
3642984
3646809
3643941
3644586
3640191
3636558
3647562
3646820
3640090
3645562
3637724
3641624
3639184
3637432
3638516
3640134
3648427
3634772
3644853
3638534
3639547
3636885
3636212
3640308
3640211
3635633
3636598
3642130
3639270
3638025
3642985
3644585
3644027
3643194
3637431
3646699
3639707
3643949
3637394
3640993
3643669
3647664
3646830
3643482
3647390
3640226
3641021
3644441
3635201
3642141
3637719
3646236
3641197
3638911
3646362
3635709
3635663
3644408
3638307
3641245
3636836
3646355
3634901
3648102
3643144
3644852
3646238
3638879
3639200
3636544
3643515
3643016
3642494
3637920
3642471
3636490
3646620
3636457
3648252
3643119
3641260
3638791
3642049
3634790
3636410
3644780
3645350
3636466
3644537
3642799
3640251
3647598
3645560
3647310
3639032
3648144
3645567
3635603
3637795
3641541
3639361
3646130
30514976
3643526
3644024
3639823
3636201
3643316
3636467
30514995
3644792
3643521
3641379
3646951
3646697
3638454
3639845
3646720
3644030
3638897
3640196
3639889
3645324
3638353
3644865
3641720
3638933
3643165
30514985
3640305
3641899
3647309
3635597
3644396
30515276
3645561
3636182
3638511
3643468
3643302
3648237
3639368
3635761
3639331
3637012
3646625
3645433
3641607
3638316
3639333
3638509
3648166
3646224
3646557
3636429
3644435
3643344
3641897
3643147
3643311
30515105
3640767
3645354
3647228
3639558
3643813
3636129
3645341
3645204
3637332
3635742
3642006
3646518
3643948
3642329
3644009
3640208
3643182
3645987
3644412
3637427
3643523
3644040
3643149
3641545
3639699
30515402
3641582
3637909
3634902
3635283
3634915
3642591
3638476
3637971
3642275
3645274
3636795
3640288
3642128
3643794
3634907
3644022
3648125
3642828
3647963
3643474
3647055
3643508
3638418
3636183
3640250
3639312
3636525
3634857
3638352
3647192
3636402
3643903
3636486
3642109
3646053
3638843
3641546
3636978
3635781
3643928
3636925
3636121
3644056
3641894
3643765
3643026
3637875
3646055
3638789
3639287
3643961
3646631
3646066
3641180
30515028
3640400
30515144
3641138
3645648
3643802
3635769
30515219
3639298
3639519
30515162
3634930
3637392
3637976
3638921
3645277
3634864
30515424
3635862
3645797
3642565
3636590
3638373
3634786
3636166
3645793
3635180
3646836
3644121
3635766
3645798
3637729
3639033
3646661
3640184
30515371
3645201
3634892
3637768
3641178
3645007
3637442
3646088
3634844
3635789
3645215
30515391
30515060
3645795
30515074
3639832
3647612
3640587
3640189
3638999
3642255
3643479
3638445
3645862
3636488
3636948
3635790
3647748
3645906
3640407
3640269
3644584
3642108
3635779
3639206
3636644
3644692
3638372
3636572
3637830
3642798
3641915
3638481
3635785
3641133
3641024
3636411
3643203
3645412
3644434
3647678
3646564
3636208
3642923
3638898
3635755
3646718
3637024
3642458
3636969
3640381
3639326
3644793
3644866
3645641
3646710
3641167
3643768
3635189
3647078
3640418
3643024
3638310
3643114
3636661
3636863
3646617
3643207
3640146
3641106
30515293
3644133
3647316
3646840
3637333
3643111
3638833
3639725
3640083
3638426
3645571
3636928
3645580
3638343
3640938
3643789
30515314
3643784
3642256
3645792
3641918
3643750
3648123
3639335
3644065
3640111
3636880
3636956
3635662
3635214
3647729
3637708
3635208
3634933
3636459
3645897
3643483
3646148
3636810
3636562
3645104
3645207
3642826
3636855
3636901
3635800
3640548
3641387
3646677
3648307
3647781
3639289
3639177
3640401
3647798
3636174
3645002
3636169
3645900
3642659
3638812
3642502
3639822
3634887
3639031
3642476
3645117
3639559
3641589
3636173
3644529
3637349
3645443
3636156
3642663
3636882
3635183
3640960
3642927
3647453
3637032
3638809
3642784
3641554
3641165
3646057
3638368
3645448
3645220
3647191
3637997
3635848
3646530
3640992
3634843
3636831
3645374
3635225
3644417
3638986
3642465
3640281
3636398
3640553
3635237
3641754
3639166
3647758
3645142
3636435
3634835
3642133
3639378
3642621
3643732
3640956
3638462
3643939
3638405
3637040
3636120
3637421
3637857
3637743
3639552
3646149
3643921
3640552
3641389
3640246
3639564
3643318
3636874
3638400
30515340
3634794
3643219
3637723
3642506
3643919
3646693
3638525
3638940
3640274
3645645
30515352
3647131
3643651
3642138
3634867
30515068
3635660
3647737
3638054
3642078
