3640767
3643173
3640200
30515302
3644019
3643295
3642307
3645744
3644123
3639663
3639185
3638522
3642574
30515417
3637996
30515182
3641013
3637849
3644433
3635703
3638469
3640205
3646981
3644145
3635800
3637907
3635154
3647055
3642612
3647133
3647327
3638025
3641547
3638391
3647311
30514985
3640122
3644707
3645040
3646564
3643489
3639201
3646054
3645223
3643885
3645763
3642302
3645134
3646516
3636144
3648080
3644710
3644025
3641576
3635214
3647524
3634819
3639836
3640523
3644874
3641770
3642094
3641148
3645905
3643741
3638045
3638842
3646720
3645418
3636836
3645021
3646619
3636827
3647236
3641927
3642341
3638952
3643454
3641170
30515312
30515442
3635814
3635262
3645893
3644079
30515067
3639685
3644061
3646661
3634791
3637776
3639278
3642278
3646629
3646846
3639336
3640969
3638942
3641618
3644859
3646983
3637970
3642987
3644928
3646053
3647859
3641232
3638856
3636666
3638307
3642948
3640084
3636134
3634807
3636520
3637953
3640975
3643437
3638047
3637818
3640221
3646024
3636661
3638531
3636831
3642345
3638013
3640219
3640584
3646046
3641125
3642990
3636192
3640241
3637706
3636643
3644544
3637731
3635678
3647972
3639490
30515263
3635232
3641909
30515096
3645869
3638805
3647094
3646501
3645131
3639853
3641020
3640168
30515435
3640442
3645359
3637861
3640285
3645460
3645006
3635688
3638396
3638004
3639027
3645216
3646155
3636480
3642103
3638890
3646950
3642053
3645129
3643318
30515092
3643011
3635202
3637439
3637837
3645982
3643920
3635589
3637809
3635249
3643324
3636173
3639182
3644772
3647922
3640157
3636842
3638336
3640966
3646559
3644597
3645733
3637889
3645136
3642905
3635767
3643028
3640724
3642274
3635271
3639351
3645452
3637001
30515079
3640225
3645001
3648023
3637982
3639535
3647888
30515310
3636532
3640562
3647755
3635251
3638528
30515110
3634865
3636992
3640263
3647240
3642083
3643331
3647233
3641345
3643910
3642142
3642263
3639555
3645461
3644598
3644912
3645890
3639820
3643757
3637031
3634916
3637898
3646970
30515037
30515336
30515221
3638364
3648193
3646526
3635240
3636963
3645635
3636159
3645433
3634781
3641378
3646815
3638913
3643436
3635158
3635734
3637395
3646057
3647905
3636915
3641916
3638934
3648252
3637720
3641361
3640554
3635746
3643528
3646132
3637428
3645350
3645566
3647352
30515398
3640946
3637828
3647237
3642775
3644934
3647779
3640576
3645899
3640273
3641156
3638312
3643515
3643520
3641906
3640965
3645750
3639829
3637793
3639841
3644082
30515005
3643763
3638792
3643737
3637003
3644476
3644116
3646246
30515023
3636498
3640708
3641541
3643896
3647256
3640385
30515153
3646058
3640299
30514980
3639332
3642269
3635587
3643008
3641572
3638334
3643495
3637387
3642582
3639823
3637964
3639222
3642237
3643679
3638791
3638973
3635818
3637778
3638518
3642041
3636584
30514975
3640993
3641604
3647610
3640113
3647729
3638865
3640383
3640392
3643201
3647450
3639888
3644056
3642923
3639510
3648275
3636218
30515013
3637858
3637333
3646361
3638950
3642298
3646573
3636859
3637910
3640164
3646986
3643882
3634773
30515049
3643435
3644453
3641371
3635636
3639545
3641928
3648144
3638398
3646154
3636509
3641735
3648056
3641613
3636869
3642813
3647323
3638035
3647852
3645749
3639513
3635701
3638912
3646278
3644594
3644701
3637342
3635605
3636873
3640212
3640411
3645361
30514986
3644590
30515295
3647645
3641606
3637986
3643101
3644422
3641902
3635642
3635806
3647058
3643336
3645985
3647090
3637057
30515217
3643444
3646817
3639275
3645220
3636562
3636180
3638456
3641880
3639887
3639224
3641136
3638032
3645109
3645419
3648314
3636918
3643179
3648170
3638902
3644074
3641602
3647300
3639232
3640106
3645003
3640732
30515015
3647092
30515034
3644844
3642128
3643186
30515123
3648211
3647911
3635259
3647873
3643146
3646911
30515028
3647250
3634835
3635623
3638789
3642280
3642503
3646819
3638820
3645462
3645108
30515199
3634879
3642621
3640224
3643479
3635738
3647482
3637961
3647095
3644475
3646040
3645100
3635835
3647481
30515330
30515415
3642821
3645724
3638811
3647653
30515365
3646801
3641754
3635782
3642662
3641935
3643300
3647715
3635268
3644474
3644460
3642313
3647697
3640957
3636808
30515251
3637978
3643411
3644115
3643326
3642073
3641245
3638375
3636595
3638348
3642639
3640288
3636119
30515111
3643905
3644103
3642344
30515381
3642590
3645633
3640548
3646399
3648051
3638342
3643127
3640536
3642808
3644712
3642973
3638515
3639682
3646699
3638514
30515147
3644709
3643789
3647801
3637358
30514995
3638052
3638489
3644936
3634766
3644778
3637378
3643126
3636439
3640391
3645582
3646156
3643035
3640937
30515179
3647854
3642134
3639488
3636222
3638928

3638928
3645652
3640235
3645348
3644040
3638424
3638529
3638524
3636642
3636490
3645876
3643165
3642795
3635170
3638304
3647462
3645194
3646228
3646716
3645951
3644856
3646354
3645199
3645017
3634775
3635169
3642650
3635607
3636513
3642272
3635742
3646073
3644420
3648061
3640737
3637957
3646958
3647405
3635841
3646415
3643666
3638794
3645874
3640390
3636587
3635617
3645430
3646532
3641739
3638533
3637037
3641917
3635283
3643765
3638858
3639549
3637912
3645330
30515327
3636451
3639218
3636594
3641882
3641729
3641241
30514967
3645340
3638448
3641127
3640997
3635629
3638956
3648267
3644554
3637346
3641192
3644999
3639562
3640723
3640406
3637375
3644719
3647468
3647914
3638405
3641776
3645139
3636487
3645029
3646357
3643773
3643531
3638366
3642111
3639293
3634838
3636133
3643501
3639539
3635215
3642576
3644561
3638827
3634788
3640152
3641021
30515249
3645360
3642064
3643889
3642591
3636863
3643156
30515224
3639256
3636662
3639659
3639877
3642782
3637874
3634910
3646969
3639694
3638017
3640083
3643503
3636579
3636820
30515159
30515042
30515306
3644761
3645900
3645645
30515203
3643792
3643901
3638948
3645124
30515252
3645781
3647395
3644840
3643458
30515060
3638851
3639341
3638043
3642293
3647351
3638042
3643280
3643740
3639372
3638029
3641155
3645222
3641365
3647224
3635269
30515229
30515052
3640130
3641937
3636120
3645436
3640178
3640992
3647851
3647070
3636596
3640261
3645730
3638046
3642781
3643817
3644556
3640750
30515093
3648167
3645347
3646026
3641221
3647898
3643416
3636131
3643118
3641925
3647668
30515335
3643440
3647413
3634845
3636484
3643294
30515447
3648378
3637029
3640410
3639197
3646726
3640381
3637821
3641185
3638368
3640736
3634906
3638023
3639377
3637391
3636650
3646530
3640963
3636605
3645788
3636467
3647671
3648318
3643924
3638998
3639669
3647458
3646818
3635845
3640541
30515326
3638314
3642563
3638801
3645898
3644793
3644063
3639376
3637055
3635256
3641585
3642246
3638521
3635776
3642975
3648208
3637727
3643941
3635816
3643116
30515232
3646721
30515411
3639367
3646398
3641622
3643153
3635812
3641913
3637337
3643647
3634860
3638925
3642653
3647301
3647059
3637340
3634877
3645105
3636146
3643160
30515010
3640514
3645745
3642002
3638350
3634911
3647672
3647894
3636632
30515307
3636443
3634914
3636811
3640530
3638809
3645004
3643929
3637432
3639031
3635749
3645353
3640564
3646286
3637356
3645627
3639198
30515119
30515136
3645641
3641407
3636586
3640416
30514991
3636660
3635265
3643493
3639316
3638359
3643934
3641118
3634908
3642069
30515114
30515363
30515264
3647134
3636138
3647787
3637335
3642643
3646424
3639221
3647103
3648348
3646065
3644722
3643794
3647974
3642595
30515213
3640570
3639250
3638318
3639338
3636897
3635610
3647670
3636210
3647921
3646488
3641246
3646506
3636576
3634883
30515333
3642023
3642792
3636834
3636916
3639677
3645657
3636201
3636824
3645409
3638960
3640524
3642558
3645655
3636639
3640264
3635640
3639315
3644447
3645026
3641383
3644139
3644153
3642927
3639029
3642809
3647151
3641792
3635737
3641115
3647131
3646565
3643957
3647674
3642136
3635790
3645574
3644684
30515044
3640195
3642265
3648026
3646359
3647060
3643115
3642248
3644558
3638903
3635672
30515357
3646722
30515246
3642505
3641727
3646827
3643672
3645215
3635599
3646657
3644565
3638862
3636527
3648022
3641023
3636458
30514990
3646627
30515103
3647994
3646274
30514964
3642635
3640574
3637896
3646030
3635840
3634903
30515192
3643769
3637427
3637726
3641782
3639879
3647348
3646149
3638919
30515027
3637893
3645756
3642924
3643434
3643654
3636583
3644060
3646659
3644555
3638399
30515191
3643122
3641247
30515278
3645902
3646685
3641356
3641631
3639342
3643736
3638989
3639347
3645866
3647609
3638353
3637737
3637386
3635220
3638315
3635710
3642143
3638984
3645007
3645336
3639193
3637878
3645207
3646860
3635728
3637040
3647455
3638896
30515405
3644867
3639269
30515420
3644794
3643648
3639317
3638833
3647778
3642477
3645221
3635691
3636444
3643933
3638808
3636558
3644865
3646723
3634907
3647862
3642262
3641571
3644548
3647191
3641894
3639686
3641762
3643431
3644770
3635258
3636821
3635807
3636402
3638885
3643316
3645324
3643815
3638395
3636609
3634917
3643742
3642055
30515343
3640145
3641214
3639035
3645377
3640232
3643194
3645915
3636521
3636570
3636652
3640939
3637835
3638392
3645357
3639498
3635252
3639846
3640983
3639828
3636980
3641544
3647085
3642814
3646725
3638509
3647733
3643824
3647737
3637951
3647296
3646052
3639570
3635182
3639196
30515008
3638008
3640588
3642266
3638982
3647602
3639664
3645426
3646708
3645141
3635643
3642115
3646980
3646034
3646130
3644549
3646527
3642568
3645414
3635817
3642632
3639352
3643522
3641168
3642562
3638966
3637769
3634919
3645119
3642027
3634925
3648209
3647789
3642470
3641922
3645861
3637857
3643646
3645466
3641920
3647132
3646796
3636553
3640980
3642784
3642934
3643939
30515355
3639852
3645278
3636618
3641599
3641379
3636603
30515444
3641178
3641603
3636633
3647790
3642347
3638819
3644135
3636216
3636136
3639314
3634872
3646809
30515183
3644869
3645099
3644945
3647754
3643674
3638536
3646411
3635207
3637331
3641926
3638484
3645439
3640561
3648418
3638407
3638798
3647527
3642976
3641774
3641238
3639169
3639672
3637812
3638859
3645376
3645767
3646044
3635763
3643810
3635863
3641886
3638430
30515328
3643012
3643823
3641901
3642623
3634924
3645270
3644577
3639894
3643735
3645584
3636437
3636885
3642317
3639190
3643003
30515378
3642291
3637836
3646279
3637753
30515112
30515449
3647464
30515003
3634898
3639025
3636654
3641653
3643185
3647180
3637352
3641177
3642234
30515366
3646504
3641923
3647044
3647063
3638332
3637345
3641813
3645913
3641597
3644459
3637341
3646694
3641785
3646810
3644866
3641159
3647651
3647068
3634811
30515000
3646355
3638385
3640404
30515084
3644413
3645364
3645451
3644482
3647595
3642581
3644787
3636407
3640433
3645014
3641796
3647522
3643874
3638506
3642659
3636884
3640436
3637334
3639734
3636648
3639721
3636162
3640266
3643197
3645036
3645950
3642040
3640407
3644681
3635164
3646282
3641918
3637886
3636220
3637775
3639552
3646397
3637436
3641554
3641154
3643764
3642004
3636188
30515359
3639844
3646807
3641180
3647903
3647794
3638889
3637928
3645013
3639697
3646140
3642072
3646622
3641230
3634817
3634936
3642326
3642138
3635679
3641015
3640185
3634770
3643311
3638975
3644542
3639283
3634871
30515016
3641550
3640379
3636958
3640432
3647453
3638922
3639834
3645352
3641810
3635716
3641231
3635192
3636930
3638406
3637713
3636946
3646348
3638001
3639688
3636961
3645573
3640751
3640399
3639870
3647350
3647732
3646572
30515288
3639373
3637846
3648118
3648254
30515421
3636473
3643881
3647853
3640540
3638795
3643469
3634896
3642938
3638352
3641227
3638056
3643219
3636211
3643117
3645637
30515318
30515426
3637442
3642943
3644108
3648165
3635145
3647786
3636208
3640161
3641609
30515122
3643671
3646684
3646660
30514962
3646557
3644124
3634848
3639369
3643778
3639167
3637834
3642312
3648207
3644786
3638806
3647673
3642946
3639534
3644146
3646491
3645326
3637939
3637976
3634876
3644842
30515072
3639674
3635764
3637838
3647996
3640557
3639284
3637974
3640077
3635853
3647713
3642258
3638527
3641738
3647954
3641605
3634886
3638379
30515076
3636797
30515047
3645123
3639192
3635784
3636435
3646851
3646917
3647925
3646948
3640745
3647906
3637420
30515340
3643733
3646822
30515351
3639312
3647325
3637350
3640247
3641759
3634899
3636832
3643937
3638418
3635804
3645316
30515090
3642339
3634875
3640569
3643178
3637018
3641643
30515133
3647962
3643202
30515280
3645880
3638961
3640384
3645912
3645469
3642986
3640756
3640950
3646070
3643916
3643199
3637383
3644586
3646566
3645111
3638511
3635173
3644537
3640727
3640118
3641126
3645279
3643438
3642777
3640567
3641150
3637977
30515367
3643133
3635667
3648225
30514970
3638376
3640189
3642081
3648025
3645033
30515134
30515431
3638875
3641194
3640188
3641885
3646918
3635684
3647834
3639272
3639691
3635198
3645421
3642502
3640073
3640990
3646414
3638850
3635196
30515225
3643224
3643928
3639872
3644704
3634893
3646961
3644114
30515360
30515163
3637866
3647872
3636668
3641258
3642936
3643891
3643032
3638825
30515101
3638453
30515372
3636142
3640938
3640429
3641207
3638054
3641876
3647444
3634932
3645198
3646982
3636886
3644049
3634786
3642625
3641380
3642009
3643774
3637338
30515432
3643504
3641874
3645891
30515308
3640426
3647302
3634922
3647761
3639037
3635241
3641818
3636150
3644098
3643485
3641764
3645236
3640116
3639348
3640289
3637883
3634764
3636393
3647442
3635787
3635172
30515107
3642238
3636414
3639295
30515245
3639665
3640255
3641890
3638845
3634787
3638488
3648166
30515219
3642254
3637772
3638034
3644419
3646618
3648055
3646406
3640435
3646971
3643130
3644091
3636792
3639681
3643887
3636597
3647100
3638957
3640175
3646028
3637790
30515241
3638443
3636975
3645751
3647908
3643490
3641257
3638341
3636441
3638500
3648195
3641747
3636924
3642812
3636619
3647470
30514987
3638943
30515284
3641642
3637845
30515298
3634858
3634921
3640974
3643506
30515271
3647910
3646234
3641580
3641385
3634834
3634767
3645892
3647141
30515157
30515384
3647687
3636410
3646711
3645752
3638365
3647926
3636447
3644009
3647907
3643288
3644014
3636871
3645873
3645903
3638313
3642620
3638354
3644125
3636828
3636199
3642109
3645762
3640302
3645138
3640703
3634939
3645422
3637714
3647409
3634772
3647796
3639662
3643015
3645877
3634808
3637367
30515345
3645764
3636468
3645884
3636202
30515354
3646494
30515006
3646514
3634850
3639893
3636793
3639731
3636185
3645212
3635723
3645570
3638830
3641536
3645949
3646402
3635766
3640305
3635750
30515429
30515260
3640156
30515040
3639012
3642305
3636634
3641728
3640211
3647238
3639313
3642815
3635732
3635203
3635668
3642929
3643770
3635275
3640510
3636860
30514959
3636944
3636600
3643009
3647389
3635736
3641209
3638011
3645431
3648327
3640528
3644838
3648188
30515200
3640173
30515315
3639241
3636561
3647347
3646728
3645009
3640217
3644711
30515144
3643507
3636801
3635753
3638927
3645008
3648306
3647529
30515126
3648114
3635697
3646131
3642903
3641625
30515167
3646404
3638835
3646043
3639045
3643805
3644576
3645864
3646425
3639835
3638513
3637842
3634929
3636866
30515370
3637955
3637949
3645734
3647604
3638817
3638055
3638417
30514969
3647186
3643798
30515292
3642240
3643137
3644404
3644425
3638832
3645262
3635590
3635160
3646293
3647594
3635647
3639658
3644113
3640144
30515261
3644067
3640295
3636837
3637924
3644023
3634909
3645986
3638022
3643476
3644529
3645647
3645901
3639180
3646826
3648356
3634824
3644790
3635628
3642311
3645427
3634769
3636460
3636894
3645267
3638496
3643338
3634882
3641718
3640951
3642036
3637855
3643282
30515007
3637919
3644538
30515211
3641545
3644691
3645413
3637755
3636936
3644923
3640223
30515152
3635802
3639200
3644573
3638829
3636878
3643907
3640396
3639710
3641929
3638036
3643123
3639499
3643779
3644083
3641397
3642504
3638932
3639655
30515230
3642080
3634881
3643511
3639569
3646067
3639344
3643018
3646489
3639189
30515347
3643482
3635837
3643209
3643302
3647147
3648003
3641140
3641583
3646227
3642043
3634826
3645878
3646400
3641014
3635833
3639211
3645731
3648216
3642322
3642257
3640535
3642297
3644415
3643787
3644443
3638985
3636923
3644065
3635224
3644847
3643675
3638423
3642112
3645438
30515356
3639715
3639900
3645209
3643944
3640544
3644580
3640434
3647716
3636121
3638381
3640962
3644069
3640387
30515438
3634762
3646039
3642475
3645031
3638937
3637402
3638802
3647880
3645732
3639354
3644126
3636841
3639544
3640586
3646133
3636937
3638814
3640218
30515021
30515039
3645798
3641350
3636810
3642252
3641640
3637979
30515236
3643875
3637711
3640431
3636637
3637991
30515344
3643509
30515045
3642465
3638970
30514954
3636503
3638371
3647523
3641105
3642810
3636621
3639213
3641771
3646845
3640763
30515160
3636420
3642108
3641615
3644543
3635671
30515248
3636567
3648178
3642981
3645127
3642466
3634825
3637911
3645654
3640150
3636848
3642641
3634847
3636482
3642235
3635708
3645973
3640098
3641795
3647837
30515303
3643298
3646630
3634776
30515416
3636638
3639258
3644578
3647231
30515373
3637329
30515369
3640402
3639368
30514956
3641808
3641589
3646240
3635242
3634878
3640400
3644789
3642950
3644777
3637779
3645039
3639042
3638917
3641106
3641767
3636852
3642965
3634779
30515454
3642963
3644864
3647404
3636446
3637993
3646056
3635250
3640941
30515220
3642626
3647178
3646493
3648138
3645580
3642255
3646712
3635778
3647831
3636184
30515267
3643525
3644072
30515135
3635579
3643813
3648139
3635141
3638899
3638921
30515105
3639000
3647184
3645743
3642277
3639706
3642071
3647800
30515350
3646055
3645339
3648083
3636398
3648081
3634859
3645978
3645772
3638445
3639698
3643218
3636904
3645650
3637922
3635229
3645561
3643138
30515038
3637767
30515113
3638863
3643031
3644862
3641773
3646083
3647257
3645096
3643176
3646848
3638009
3637992
3648086
3637787
3640303
3647681
30515206
3640269
3642637
3634851
3643441
3641139
3645012
3642025
3635660
3638344
3647652
3642318
3640996
3645429
3634904
3636525
3648000
3644791
3643293
3647667
3643650
3637913
3645735
3644997
3643665
3644136
3639890
3636401
3641213
3640182
3639252
3645201
3635836
3641883
30515116
3640280
30515222
3639881
3637400
3642131
3646695
3642057
3637430
3643497
3638821
3639285
3637368
3644708
30515339
3636647
3643414
3645275
3636851
3638401
3642596
3643129
3640174
3634937
3636795
3635858
3640953
3634805
30515407
3644560
3638426
3635652
3638818
3644764
30515427
3639330
3636883
3642806
3643166
3647411
3636512
3635808
3643347
3643772
3642786
3646226
3647535
3643734
3643781
3638881
30515097
3635861
3642253
3640085
3636644
3637831
3639822
3644944
3640153
3642911
3641165
3636524
3645032
3642066
3640752
30514966
3644688
3642564
3636616
3641143
3643915
3646049
30515440
3639825
3648237
3640199
3636542
3640716
3638504
3640698
3638532
3646921
3639374
3647153
3634855
30515031
3642579
3637741
3643942
3648142
3640954
30515018
3647146
3645202
3642051
3641535
3645128
3642993
3643174
3637766
3636920
3647970
3636419
30515117
3635730
3636564
3639525
3641190
3648226
3644703
3644048
3641720
3637348
3643223
3646705
30515215
3643466
3642605
3637421
3635756
3644396
3642308
3642573
3646825
3636877
3645906
3645955
3637851
3648346
3637959
3644581
30515453
3644057
3636932
3645575
3636663
3641765
3640515
30515061
3636566
3635754
3641752
3634918
3643930
3641195
30515024
3643494
3639361
3635159
3639356
3639553
3636149
3646842
3640170
3648224
3647315
3639864
3641651
3640513
3642020
3642130
3635236
3640739
3641215
3636191
3637411
3637355
3639722
3636984
3645137
3641388
3647560
3638333
3639261
3642338
3638404
3636981
3641814
3637806
3634780
3634822
3646157
3641817
3639028
30515299
3636948
3639704
3643811
3636839
3635838
3646700
3646570
3638939
3647438
3640131
3644050
3641626
3641364
3637704
3647918
3636796
3637827
3643182
30515250
3635826
3638408
3641218
3643664
3642008
3640415
30514988
3646859
3640202
3637336
3639026
3645034
3647054
3643751
3639678
3645773
3637434
3643427
30515402
3641153
3636599
3648125
3644854
3636174
3640190
3640129
30515020
3639286
3638485
3643019
3644133
3636867
3646843
3641157
3636176
3640191
3647519
3637034
3647297
3644911
3645563
3644477
3646673
3643508
3643799
3641366
3636151
3642487
3647879
3647731
3642464
3639044
3639493
3640580
3641600
3647194
3635823
30515385
3640309
3636397
30515392
3644938
3647561
3638442
3646927
3643006
3635146
3642306
3642097
3647067
3645793
3646571
3642005
3647221
3639489
3644033
3644589
3647230
3635608
3647077
3643876
3638545
3638918
3636171
3643104
3646620
3637999
3643281
3646509
3638416
3636489
3647781
3636145
3646291
3646703
3643034
3635238
3646517
3635783
30515296
3643459
3638020
3636939
3647871
3643177
3647679
3635777
3646631
3647061
3635641
3638024
3645098
3644852
3645792
3640210
3643809
3644584
3641563
3640136
3645369
3637839
30515059
3640386
3639561
3639875
3648419
3637972
3644445
3639690
3646849
3641806
3640539
3643226
3637723
3637997
3640742
3639248
3642984
3637844
3639560
3643221
3646047
3643680
3634888
3635210
3635752
3643332
3641381
3636892
3647562
3636987
3646148
3634768
3636496
30515297
30515320
30515281
3637004
3635637
3648082
30515091
3647248
3639238
3638953
3639861
3636147
3643948
3640177
30515227
3643297
3643103
3642825
3636228
3645444
3637041
3640207
3640733
3635585
3646519
3636230
3640418
3647189
3641614
3641167
3637401
3638390
30514973
3643142
3643900
3640201
3647149
3639199
3640986
3638050
3642236
3634831
3638807
3639346
3641900
3640529
3646624
30515311
3645659
3642273
3639567
3640133
3638363
3642483
3646924
3643945
3645748
3636954
3647646
3647603
3639821
3643894
3643498
3647867
3641623
3641357
3637973
3642276
3640543
3646569
3640398
3637710
3640532
3638788
3645784
3639486
3639337
30515102
3640307
3646292
3641342
3636589
3646714
3639358
3640585
3647222
30514998
30515265
3641766
3644078
3637384
3635230
3642251
3644053
3642474
3642320
30515166
3640181
3644051
3642801
3634809
3640079
3635713
3648091
3635614
3642617
3635222
3642634
3643025
3642476
3634884
3645868
3644547
3639856
3636989
3635257
3640260
3645660
3647965
3646520
3637724
3634897
3643480
3636804
3642803
3647589
3636129
3642988
3646675
3638980
3647480
3634857
30515082
3646621
3636966
3643669
30515273
3641896
3638933
3638494
3640146
30515423
3645458
3634869
3640713
3638879
3641722
3640440
3647075
3641104
3645408
3647303
30515358
3639559
3641196
3640589
30515364
3640995
3645224
3637868
30515209
3640070
3635184
30515073
3644089
3639366
3636453
3645746
3638006
3641636
3636556
3640721
3640600
3647071
3645883
3642239
3645638
3635856
3637739
3635205
3642038
3637915
3641210
3637765
3637899
3646081
3636179
3640167
3638482
3648367
3645368
3643940
3637332
3645757
3639301
3646953
3642824
3638491
3647750
3639209
30515317
3644470
3645790
3646949
3646617
3636947
3641888
30515048
3645417
3639521
3636960
3641893
3644452
3643421
3643783
3637824
3638993
3639210
3648342
3638373
3644407
3640697
3642917
30515382
3643965
3645801
3643535
3645341
3638466
3646626
3641736
3639558
3647410
3641611
3635658
3640124
3641009
3634798
3635245
3646423
3639712
30515139
3636999
3638400
3645459
3635597
3645737
3645953
3637002
3645424
3641382
3638433
3640581
3646706
3635665
3640298
3645634
3646084
3646692
3642930
3635844
3640104
3640403
3638860
3636655
30515228
3636833
3643890
3638868
3647463
3646235
3636486
3646074
3635685
3643873
3637960
3639236
3640378
3645322
3640761
3635239
3635156
3637811
3638386
3648392
3648245
3637920
3648379
3640128
3642910
3639840
3641552
3639537
3639231
3643290
3646836
3647860
3635155
3647073
30515418
3641807
3637988
3646485
3647057
3646561
3642332
30514978
3640155
3648079
3644094
3644011
3645366
3638444
3646025
3644595
3636167
3648401
3643423
3641401
3641260
3635281
3644782
3647518
3639010
3645420
3645625
3642271
3641632
3647452
3645334
3646656
3637022
3635147
3637027
30515078
3637956
3642578
3635831
3641769
3642114
3647735
3639551
3638459
3639565
3641592
3635829
3635788
3635201
3646145
3643343
3644128
3642942
3642329
3639303
3641123
3643505
30515050
3636898
3637816
3639723
30515012
3637703
3643470
3647998
3640140
3639235
3645624
3636405
3634783
3639899
3642125
3647990
3646672
3643923
3646072
3636154
3645979
3638905
3642614
3646080
3646925
3644930
3639243
30514999
3645736
30515452
3636417
3638991
3642063
3641569
3641629
30515258
3645889
3642245
3644535
3636656
3642127
30515247
3639491
3644059
3646616
30515436
3641749
3635138
30515177
3640439
3640183
3643795
3639230
3637423
3640382
3647956
3635270
30515130
3643775
30515450
3647897
6335362
30514983
3641630
3642260
3641775
30515143
3643914
3647650
3635183
3638876
3645280
3640257
3639310
3635150
3647874
3640509
3642067
3642010
3641594
3636829
3648391
3641793
3645412
3636815
3640553
3642284
3638800
3641650
3642336
3644088
3642460
3638996
3647294
3642796
3644568
3636983
3646973
3644105
3646693
3634944
3642095
3639882
3643340
3639257
3635654
3644694
3638377
3645782
3636422
3641716
3637746
3647753
3643128
3648239
3641805
3637752
3647465
3647912
3646364
3641553
3639726
30515162
3634928
3639360
3647143
3640251
3643935
3636209
3635673
3636846
3644695
3641908
3640301
3639383
3647152
3641578
3644410
3636225
3644485
3637853
3641120
3647080
3637770
3642989
3637876
3647689
3640154
3647550
3643524
3645457
30515457
3647591
3635592
3639229
3641184
30515001
3639033
30515386
30514984
3641721
3642249
30515253
3643119
3641743
3641005
3638339
3635739
3646142
3642459
3637945
3644042
3644696
3638882
3646389
3635847
3638512
3638997
3637732
3640163
3646086
3643487
3635760
3637902
3643899
3634833
3648147
3637863
3636155
3636214
3646280
3639034
3637759
3638337
3645196
3645465
3642580
30515270
3645904
30515266
3642791
3643029
3642021
3645144
3645729
3644127
3646717
3645564
3638519
3647890
3643303
3638796
3645358
3644994
3644018
3636591
3639705
3642955
3644935
3639345
3639217
3642577
3637708
3636664
3644541
3639014
3638904
3643220
30515403
3641755
3645002
3641112
3637948
3646236
3642059
3643446
3646670
3642572
3638846
30514989
3646420
3639541
3634868
3634892
3637887
3636667
3640741
3640726
3641212
30515128
3637794
3637424
3642640
3636438
3639564
3640722
3642921
3638389
3640531
3642084
3634820
3641133
3641128
3645112
3643655
3642316
3637801
3646230
3638838
3638854
3646085
3646677
3643007
3635644
30515393
30515026
30515406
3640204
3636845
3638322
3647052
3643782
3641244
3634863
3637751
30515218
3639174
3639251
30515204
30515332
3644692
3647889
3644553
3636881
3647088
3635779
3638428
3640215
3637757
3641748
3642282
30515118
3636794
3641003
3634920
30515208
3644106
3638908
3644417
3639532
3638852
3646362
3643816
3636413
30515077
3635651
30515104
3645005
3643500
3642135
3648027
3643922
3641243
3637884
3643468
3635622
3643196
3638351
3648227
3642484
3648377
3642645
3636914
3643198
30515069
3643512
3646951
3637875
3634887
3635852
3646496
3643033
3636636
3636902
3638030
3643106
3646968
30515193
3640972
3642261
3639018
3638541
3636445
3641242
30515361
3635809
3642778
30515433
3646060
3637937
3635711
30515099
3641892
3640520
3637010
3639205
3642078
3636448
3636856
3641164
3646830
3634931
3646856
3643886
3644583
3636400
6335359
3636988
3640222
3645914
3635583
3647345
3645415
3635785
3644450
3639291
3641248
3635144
3636953
3645728
3646508
3637019
3643141
3639242
3635247
3647881
3636592
3640748
3638871
3640123
3635795
3643820
3635624
3647226
30515108
3642105
3637399
3644783
3637941
3644915
3646418
3643936
3638534
3647958
3643346
3638949
3643821
3645908
30514960
3647531
3638355
3638479
3647647
3642970
3638033
3642250
3635724
3642819
3645644
3638329
3636434
3642101
3635683
3648276
3643918
30515408
3643278
3646224
3635860
30515115
3642303
3647714
3641624
3643121
3647305
3636879
3641593
3641652
3636550
3648190
3641396
3638537
3635657
3642978
3642631
3642649
3636973
30515368
3642486
3636187
3640143
3638999
3645780
3642597
3644398
3638944
3645739
3641349
30515254
30515380
3643660
30515329
3636585
3638963
3640121
3642471
30515189
3645791
3646987
3634873
3640552
3637382
30515395
3645977
30515019
3641903
30515341
3639246
3645345
3639891
3639359
3638907
3635226
3639334
3643681
3634812
3643463
3641787
30515129
3646811
3637840
3641011
3640952
3646487
3637012
30515256
3638361
3645037
3641933
3645327
3647399
3645335
3645571
3645269
3642780
30515188
3634797
3643450
3643530
3639831
3643526
3643732
3644924
3637369
3643754
3640560
3642788
3644685
3647696
3638848
3641582
3638413
3647719
3636791
3639212
3643908
3634789
3645321
3645769
3639660
3647391
3642826
3646671
3641019
3647891
3641556
3640593
3641758
3638941
3638458
3646798
3640149
3641635
3640237
3638834
3637030
3643448
3637744
3648053
3642256
30515293
3648426
3640236
3638019
3636606
3637822
3639497
3635161
3640100
3647196
3639270
3635186
3636193
3637789
3637354
30515238
30515390
3636874
3647532
3639675
3639032
3640991
3636853
3634810
3646059
3635267
3648137
3640226
3643335
3642807
3638486
3639009
3647861
3643793
3639520
3637929
3645885
3646978
3648090
3644937
3642469
3642919
3641619
30515089
30514963
30515255
3637013
3645754
3646150
3639868
3642958
3646913
30515349
3640551
3644766
3637784
3646667
3645453
3640093
3640203
3643483
3648297
3642657
3634870
3642779
3644946
30515404
3647062
3638867
3639206
3636217
3644931
30515186
3643222
3647050
3639898
3642458
3642587
3640547
3636925
3645232
3640999
3636601
3647677
3648168
3638039
3636910
3638926
3636429
3646349
3638967
3636888
3635625
3641220
3647249
3641103
3646428
3635582
3642328
3642904
3645966
3647228
3643136
3640291
3637701
3644449
30515055
30515413
30515142
3641542
3643021
3637045
3646533
3636900
3639540
3638310
30515445
3638360
3645373
3634793
3637788
3646294
3643022
3638828
3638969
3640725
3636141
3643471
3637705
3640252
3645344
3647798
3638475
3637023
3637903
3647229
3636578
3643111
3647964
3646816
3645121
3643472
3645454
3639883
3639516
3646525
3639382
3634885
3646623
3643342
3643474
3634901
3646223
3647313
3643016
3635225
30515178
3643527
3643486
3637007
3642259
3645765
3636124
3638981
3648033
3642319
3643339
3641919
3644058
3638543
3646492
3637983
3637966
3640229
3636607
3645755
3634844
3644024
3647961
3646050
3643931
3645862
3635718
3636450
3636166
3635162
3642613
3641745
30514981
3634839
3640441
3644715
3638305
3641108
3647089
3637431
3635712
6335445
3646832
3635248
3638480
3645758
3646276
3644096
3636459
3645142
3637989
3644041
3645407
3641539
3645097
3640566
30515387
3644922
3642309
3639725
3647150
3646284
3635722
3639703
3639380
3638357
3645354
3635594
3641783
3634794
3645264
3641555
3640096
3646350
3636529
30515371
3645888
3638384
3644427
3643954
3642110
3637397
3640290
3640981
3645193
3648376
3641348
3634946
3635726
3645795
3635842
3644034
3646959
3643661
3645208
3639178
30514977
3636471
3643653
3643114
3642928
3644462
3643678
3648238
3646858
3644718
3635185
3639318
3643292
3644682
3635216
3634941
3642633
3643206
3646151
3646724
3647298
3647525
30515346
3643135
3643345
3639684
3638478
3635670
3643791
3647093
3642828
3638803
3637969
3647690
3640231
3640960
3641921
3635675
3647597
3639365
3636572
3645365
3647354
3635194
3637750
3639350
3634854
3640956
3636806
3644436
3646499
3644873
3645000
3638018
3641172
3636538
3638299
3639173
30515033
3635140
3647466
3636189
3642947
30515338
3639487
3644551
3639166
3646242
30515226
3634842
3634912
3639850
30515446
3636651
3638910
3643926
3646967
3641200
3643651
30515080
3645432
3647139
30515106
3637429
3644464
3636466
3642026
3639514
3638844
3646718
3634828
3638450
3639287
3635204
3645103
3635854
3639851
3639216
3641239
3636913
3636219
3643659
3642032
3643906
3645027
3638372
3639339
3634894
3647472
3644012
3641001
3635606
3642980
3637967
3647397
3635832
3636428
3639839
3641639
3640240
3636905
3640988
3644939
3638994
3638823
3641930
3640239
3641199
3644100
3639889
30515301
30515275
3643517
3648295
3638526
3647836
3644530
3638477
3635649
3640413
3640707
3637738
3644032
3645337
3647251
3642481
3641737
3641732
3646698
3642651
3646910
3635745
3642648
3639707
3638924
3647066
3636539
30515176
3636546
3636161
30514979
3640306
3636968
3643919
3637709
3636431
3636452
3643518
3639901
3643761
3638439
3639865
3645976
3635618
3642247
3637060
3635211
3642615
3637743
3637771
3638869
3638530
3641620
3643143
3645030
3645192
3642468
3637952
3639299
3646976
30515235
3638853
3643917
3643481
3643315
3640242
3646036
30515231
3636205
3636470
3636906
3640537
3641175
3641163
3636182
3641368
3642945
3637879
3636522
3642969
3638476
3647235
3638951
3636505
30515140
3640074
3636825
3636943
3647748
3636543
3637990
3645319
3640087
30514958
3648236
3637921
3636456
3643211
3645631
3641816
3640138
3643729
3646558
3647137
30515410
3634818
3640596
3639515
3645115
3642488
3641789
3643477
30515388
3647475
3646625
3646089
3637440
30515319
3644408
3640187
3641751
3638883
3638481
3638414
3635709
3644047
3646665
3639003
3637405
30515185
3643125
3635744
3641647
3637721
3639709
30515439
3640405
3641251
3635659
3634774
3647474
3634862
3634926
3643102
3641540
3647606
3634763
3644451
3647993
3635704
3642090
3647554
3635813
3644402
3643305
3642333
3636908
3642126
3643731
3634765
3643327
3640214
3637373
3638938
3642056
3642070
3637761
3644575
3647785
3635781
3647997
3637930
3642992
3634947
3635674
3645753
3635634
3638847
3647534
3645464
3635621
3634934
3637016
3637935
3640412
3635181
3645203
3634827
30515046
30515194
3646144
3636552
30515376
3640397
3646063
3644776
3639239
3636971
3638503
3639171
30515337
30515146
3644780
3639170
3645725
3641753
30515164
3645881
3642995
3644414
3636665
3645440
3648102
3636790
3645133
3646923
3645969
3637975
3641389
3648179
3637938
3641024
3644435
3637729
3643822
3642012
3644468
3636959
3639329
30515401
3641914
3639016
3635627
3644767
3635615
30514953
3636555
3646952
3646356
3644119
3636195
3641353
3646563
3635834
3636215
3646388
30515169
6335358
3640522
3638849
3639179
3637349
3647883
3644130
3638906
3640512
3637323
3635687
3642967
3639526
3635664
3635282
3645446
3644423
3646562
3646498
3635633
3643752
3648427
30515374
3636875
3640292
3640172
3636798
3642630
3637433
3635588
3638517
3643806
3636183
3637735
3639673
3645428
3637908
3636516
3645787
3647999
3636843
3637832
3646351
3640275
3636858
3636406
3641344
3642629
3635598
3635174
3644017
30515279
3643946
30515098
3648194
3635839
3643145
3638958
3643960
3636483
3646037
3642492
3647612
3644437
3635830
3637984
3645328
3642489
3644841
3640527
3636127
3646972
3646567
3635635
30515148
3644687
3635681
3648340
30515451
3638331
3640296
3636629
3643193
3644432
3644472
3644455
30515285
3644853
3640244
3645372
3644533
3640565
3641586
3634866
3640568
3637762
3636669
3641784
3642123
3640286
3645910
3637389
3638446
3639727
3641768
3648120
3646238
3641915
3646524
3638855
3647309
3637435
3645140
3634940
3640179
3646502
3640089
3641570
3642288
3636122
3641637
3637925
3639172
30515274
3638422
3644531
3644539
3643322
3639335
3645567
3645362
3646680
3640542
30515155
30515287
3647461
3635741
3637052
3636849
30515087
30515389
3640119
3641256
3638300
3644054
3635680
3637361
3642908
6335435
3643449
3644122
3646277
3641017
3642049
3637747
3645455
3639847
3643932
3646702
3642124
3647899
30515443
3645981
3643299
3647299
3639859
3638505
3640277
3644559
3639004
3635727
3648123
30515137
3645325
3647306
3643447
3641939
3644588
3644010
3638427
3645559
3634829
3640271
3646947
3638892
3638325
3636497
3638316
3646828
3636615
3644781
3646919
3645907
3647447
3643955
3638447
3641879
3647079
3642793
3647777
3638038
3634913
3640389
3648004
3644572
3644483
3647304
3636139
3642935
3643897
30515075
3636917
3641403
3637371
3637995
3636132
3636912
3636485
3647478
3636472
3642794
3646241
3643328
3637419
3643964
30515035
3642663
3636604
3645964
3644035
3640142
3638840
3637843
3639902
3636625
3638397
3636891
3640740
30515305
3638497
3635677
3641129
3647752
3636602
3642034
3646062
3641008
3636659
3637357
3639528
3637882
3639194
3644087
3647896
3639708
3643207
3637026
3642016
3647669
3639005
3642647
3643814
3639277
3645882
3641358
3647393
30515244
3642506
3643109
3640281
3637393
3647255
30515127
3642971
3640246
3646233
3645355
3647870
3642559
3637044
3647098
3644045
3639713
3645351
3647893
3639838
3646417
3639268
3642933
3641881
3635237
3645233
3638374
3636823
3641152
3634802
30515455
3647988
3646664
3635595
3635699
3635731
3639280
3637808
3646794
3647593
3648060
3644596
30515290
30515324
3639824
3647850
3647322
3640587
3642062
3643424
3639023
3640420
3639550
3640768
3635815
3647258
3642627
3647957
3636518
3636940
3639274
3640198
3640233
3646346
3642334
3648280
3634785
3639511
3646087
30515243
3642039
3637410
3641399
3640114
3639869
3639517
3642985
3635848
30515456
3637873
3638946
3642304
3644102
3638857
3648031
30515085
3640743
3643780
3644418
3638799
3643027
3637867
3640086
3643475
3645117
3638302
3641146
3646345
30515054
3637891
3635656
3644870
3643190
3635772
3639328
3639728
3647533
3637950
3634891
3642285
30515276
3643670
30515419
3638309
30515168
3644138
3638870
30515342
3647469
3636477
3640125
3647045
3634902
3637374
3642787
3647791
3641237
3641911
3639362
3640408
3641760
3637894
3636148
3646069
3644721
3636511
3640948
3643808
3636416
3635213
3641786
3647855
3645565
3640964
3645214
3643746
3639355
3636432
3645276
3642968
3642019
30515272
3641581
3635693
3634933
30515141
3637803
3636855
3645467
3636404
3636421
3637799
3634846
3635208
3636822
30515174
3648021
3645022
3635152
3634800
3636623
3638990
3648293
3645628
30515210
3639719
3638388
3644566
3635639
3642802
3648382
3641564
3646031
3640571
3643738
3639020
3646427
3639506
3648087
3637905
3639006
3645363
3644484
3646237
3644698
3637971
3645447
3641113
3641197
3639507
3636997
3647318
3647826
3644027
3647446
3647101
3638516
3639234
3647678
3638420
3634790
3642624
3648141
3636628
3640101
3642065
3635705
3641236
3644111
3645956
30515331
3647476
3644792
3636872
3637053
3639325
3636559
3638002
3639557
3638492
3641234
30515088
3635243
3643884
3639509
3641400
3647343
3645653
3639866
3645338
3634864
3645768
3644716
3645909
3647295
3636933
30515032
3638502
3644020
3641726
3647396
3646146
3643225
3642116
3637918
3638520
3639263
30515138
3643962
3643147
3641641
3647086
3638301
3635706
3636455
3642817
3643320
3635167
3638507
3645770
3646835
3638538
3636649
3638837
3640304
30515022
3642323
3644441
3636457
3643927
3634889
3643217
30515187
30515171
3636461
3635233
30515237
3640425
3647664
3646273
3638897
3641730
3637700
3636118
30515437
3645356
3634796
3641208
3639533
3640395
3636931
30515125
3636143
3648186
3644457
3635273
3638421
3646821
3641780
3637783
3637051
3646289
3642074
3647477
3646061
3642279
3637791
3639163
30515068
30515150
6335417
3639184
3640735
3644933
3636491
3640526
3643442
3639331
3641162
3647074
3638326
30515430
3643203
3646797
3647227
3637862
3648253
3641891
3635862
30515348
3646662
3639716
3646715
3640137
3635820
3646701
3636813
3646962
3637362
3639854
3647440
3635187
3639245
3639311
30515109
3645320
3636817
3643428
3639547
3643478
30515172
3643662
30515214
3646963
3642823
3645263
3635801
3637377
3644399
3641131
3636870
3643758
30515053
3646245
3636617
3638464
3643337
3642060
3645271
3644416
30515362
3643521
3647776
3643417
3642811
3642979
3646138
3642122
3643215
3635682
3636392
3634930
3636590
3636194
3644068
3638979
3643776
3642507
3636164
3639282
3640259
3646407
3639233
3647144
3634813
3646027
3643026
3636463
3642018
3646429
3635193
3638965
3641144
3647682
3642998
3641761
3642964
3646824
3636125
3645870
3634784
3640746
3645578
3638893
3647832
3636941
3641110
3639324
3635645
3638813
3644421
3635773
3641878
3636994
3639496
3638321
3644401
3643464
3642058
3640422
3640973
3638495
3642571
3645025
30514957
3647784
3642652
3643925
3639699
3636128
3644585
3641233
3637380
3636964
3644142
3646696
3636177
3642914
3647225
30515124
30515161
3641004
3645346
3646401
3641772
3647193
3647087
3645865
3635191
3647536
3635266
3638843
3638986
3645771
3644592
3641734
3639175
3642798
3641025
3644567
3635663
30515175
3642818
3640112
3637932
3640765
3643667
3647188
3642912
3637909
30515011
3643877
30515131
3639832
3640987
3644046
3635199
3635758
3645425
3646075
3636610
3643804
3644121
3643213
3645760
3642656
3645217
3639378
30515313
3640268
3647252
30515216
3643786
3645560
3639007
3642035
3645195
3636612
3637833
3640989
6335207
3634938
3643803
3638936
3643030
3646412
3635743
3642915
3639041
3642337
3646521
3638891
3641149
3644591
3645260
3640165
3640749
3641744
30515205
3644699
30515070
3636991
3637859
3641731
3644463
3646989
3638472
3648300
30515014
3638454
3637865
3642310
3640558
3639271
30515322
3643744
3642132
3641588
3640994
3642565
3643656
3635197
3636620
30515196
3643766
3636510
3639543
3644073
3643673
3637718
3646556
3642603
3642661
3647530
3643309
3647081
3645886
30515304
3639298
3647856
3645104
3646975
3641249
3638812
3634943
3640730
3642490
30515441
3645035
30515154
3636658
3643513
3644913
3636929
3644022
3641621
3636517
3636156
3646799
3640943
3646393
3644456
3640595
3641393
3648366
3644863
3637412
3643462
3638343
3641898
30515242
30515268
3635166
3636978
3640090
3643132
3636972
3636934
30515422
3638311
3644141
30515223
3641812
3640238
3646840
3647457
3640968
3642570
3635604
30515400
30514997
3645448
30515323
3636928
3634840
3642029
3642636
3646134
3635792
3635811
3647963
3637798
3644788
3635789
3646841
3635178
3636982
3635717
3645261
3635601
3648103
3635696
3636412
3642013
3635276
3642467
3643676
3640162
3646713
3643784
3641648
3636880
3645572
3643652
3635690
3639720
3646852
3638940
3644762
3645441
3642498
3642618
3643658
3635747
3641877
3646990
3645028
3647858
3642495
3640267
3642485
3647886
3634852
3639874
3637050
3640297
3642244
3638945
3642045
3648001
3637011
3639225
3644569
3640970
3637426
3643777
3647718
3637039
3648206
3645800
3642011
3641897
3643310
3645463
3638972
3636593
3640180
3642589
3641370
30515065
30515056
3643291
3644680
3648115
3640760
3641117
3642999
3642117
3644052
3647443
3643534
3642939
30515212
3648020
3637841
3645648
3639519
3636481
3639886
30515064
3642972
3646710
30515409
3636945
3641548
3641359
30515294
3646048
30515132
3640714
3639223
3647407
3644092
3647649
3645011
3647314
3639668
3643657
3646697
3643134
3636895
3640078
3639289
3638542
3646505
3643180
3644926
3643785
3646929
3643301
3636922
30515383
3646909
3636588
3636507
3644849
3641166
3647693
3639319
3636506
3643912
3647179
3641174
3643465
3643903
3637376
30515121
3645871
3641799
3635751
3646497
30514992
3646352
3645318
3643191
3645101
3642567
3636818
3641560
3636575
3635272
3645282
3645211
3637792
3643739
3645411
3636568
3641182
3646984
3645016
3636535
30515352
3646391
3642076
3637054
3641794
3640427
3635775
3639306
3644570
3642907
3642243
30514972
3642042
3638369
3640511
3635280
3641222
3646704
3639717
3646928
30515197
3636229
3644055
3647868
3647553
3641733
30515414
3641369
3647232
3647187
3640394
30515149
3641179
30515151
3638419
3640141
3646682
3648111
3639495
30515062
3637850
3639039
3643949
3638440
3636475
3644397
3644029
3640111
3645970
3637372
3638393
3638014
3640197
3640105
3643801
3638923
3646395
3639281
3642994
3636850
3640977
3636986
3637381
3641395
3643467
3642033
3638954
3644941
3634945
3639700
30515066
3639203
3646803
3638525
30515009
3647694
30515379
3636476
3635843
3642093
3646666
3634923
3646979
3642902
3640072
3636653
3639237
3638380
3643460
3645961
3644458
3644557
3643748
3636411
3643144
3634861
3645126
3640762
3645375
3640538
3639219
3644689
3644104
3643771
3640248
3641392
3637712
3639724
3640711
3643306
3647069
3648085
3640196
3644534
3644071
3643523
30515434
3647040
3645095
30515180
30515043
3637800
30515025
3642286
3645205
3636882
3637414
3640421
3644467
3647730
3637036
3639546
3647684
30515201
3635757
3641219
3641537
3642275
3647882
3648277
3644405
3637871
3645229
3637009
3640591
3648140
30515259
3639260
30515036
3643730
30515394
3647607
3643329
3645277
3640166
3647479
3647181
3647947
3635824
30515041
3640184
3642800
3637830
3648197
3646837
3635609
3641584
3638320
3643200
3644015
3644080
3642290
3635686
3636499
3640949
3637817
3645896
3644836
3643150
3642082
30515425
3641645
3638804
3635650
3634915
3640310
3639220
3645797
3638824
3638884
3641938
3642054
3638974
3636803
3644784
3645332
3647590
3642050
3639381
3644918
3638836
3646358
3638438
30515257
3640696
3636996
3643807
3635261
30515156
3637404
3638306
3646243
3635228
3643208
3639504
3647097
3640729
3636826
3636465
3644760
3636212
3640710
3637985
3642566
3639177
30515291
3637885
3638544
3639030
3647316
3645120
3636580
3639542
3640769
3642501
3642909
3640075
3635715
3646920
3642926
3639327
3643760
3644713
3636951
30515321
3643961
3642092
3635661
3637056
3643745
3644466
3647445
3637987
3641566
3640193
3643017
3637394
3643488
3641384
30515095
3647148
3647135
3643164
3638911
3642342
3643958
3640700
3639876
3636990
30515207
3645640
3645776
3642479
3642966
3644774
3644943
3638895
3641819
30515391
3638930
3638501
3636548
6335429
3646674
3638328
3647083
3643307
3647875
3636494
3640194
3644678
3648065
3637819
3646528
3640573
3640734
3642920
3636226
3643668
3640206
3644702
3643430
3646512
3645799
3641391
3639188
3646912
3644084
3645200
3636942
3636492
3636977
3639524
30515071
3647960
3644552
3641252
3646988
3637795
3648218
30515399
3646360
3635770
3637379
3643005
3640419
3635284
3635761
3647326
3636157
3641717
3637965
3642588
3642061
3646152
3640578
3635189
3636962
3645636
30514952
3641607
3636126
3648135
3639878
3646568
3635796
3637353
3638810
3636547
3643445
3645639
3647310
3642044
3646554
3647885
3642913
3648136
3646413
3635769
3648078
3644109
3643898
3639297
30515325
3646495
3644679
3639849
3636508
3641587
3642607
3646522
3647041
3642918
3642037
3642133
3638028
3647830
6335419
3639714
3637934
3638346
3636950
3643184
3644120
3635748
3640759
3637994
30515004
3641137
3644090
30515173
3637719
3647758
3639267
3637025
3647757
3644107
3643285
30515334
3634867
3636970
3635666
3645630
3636565
30514976
3642654
3645863
3642321
3642087
3644769
3641800
3634778
3645468
30515195
3646853
3642598
30515289
3640550
3636805
3638499
3648274
3648124
30515396
3636464
3643420
3642463
3643108
3643800
3638457
3636140
3636862
3639187
3647552
3637327
30515316
3638888
3645626
3638901
3645329
3646960
3637728
3648101
3636646
3641186
3645562
3644690
30515428
3636641
3637940
3636203
3643140
3639326
30515145
3646232
3646727
3645435
3643880
3646857
3638335
3635805
3639168
30515030
3642325
3641741
3636657
3641568
3642789
3643819
3646829
3647412
3641016
3637916
3636181
3641719
3643456
3640095
3647986
3645897
3643502
3639011
3647683
3646490
30515017
3637365
3645872
3639843
3642102
3643148
30515233
3643317
3639333
3648113
3646071
3636911
3636956
3648347
3642646
3638010
3635626
3637869
3641907
3640701
30515300
3637926
3644860
3646847
3647592
3641811
3641347
3642804
3641601
3645015
30515234
3644697
3647091
3640709
3647078
3648285
3636526
3639845
3648024
3637396
3641132
3646066
3642785
3634895
3635195
3644077
3636500
3637870
3639240
3644929
3646615
3647441
3635827
30515158
3642331
3638308
3644097
3644428
3642616
3644785
3640107
30515314
3638057
3642790
3647312
3635255
3646831
3638005
3645265
3647955
3642575
3646426
3645445
3640274
3642296
3647559
3639896
3636876
3643024
3636640
3634782
3643110
3645568
3638048
3636123
3645374
3645742
3636488
3643499
3644763
3643755
3635603
3638988
3637413
3637740
3648307
3646158
3635263
3639294
3642294
3639857
3641026
30515063
3646965
3644473
30515002
3647692
3634849
3646954
3642335
3640250
3647183
3642030
3638031
3641183
3637392
3635851
3647308
3644070
3644471
3639254
3637962
3646668
3646394
3645967
3636515
3647346
3635733
3644064
30515100
3647608
3647449
3641022
3648315
3642584
3640293
3638040
3634890
3637854
3636571
30515094
3646683
3641791
3642003
3640294
3646614
3643750
3646403
3637968
3639181
3643663
3641012
3641543
3636135
3636213
3642655
3640080
3636957
30514982
3638793
3636993
3641205
3643455
3643443
3637958
3634814
3639300
3646814
3635175
3636544
3635584
3641746
30515184
3639862
3636816
3643344
3642324
3635768
3643323
3647528
3646347
3638474
3643943
3638886
30515424
3643888
3637438
3644717
3638471
30515074
3642007
3641116
3647517
3636835
3638356
3641740
3645102
3641634
3645274
3642140
3645010
3639732
3646239
3646676
3646386
3640253
3645317
3637848
30515353
3644031
3648286
3647439
3634843
3642494
3645741
3637733
3643878
3642079
3641644
3642281
3647043
30514971
3637028
3637780
3635591
30515029
3643529
3646689
3644579
3642585
3641390
3643432
3643204
3638451
3648176
3638473
3639228
3647828
30514968
3647320
3647247
30515083
3637954
3642006
3644411
3636631
3645416
3638378
3646147
3645114
3641757
3646510
3636223
3635799
3641546
3636130
3645443
3636408
3636864
3636830
3638983
3640556
3644434
3642462
3642461
3643418
3637815
3636424
3636889
3640308
3638861
3645649
3645204
3637406
3643426
3638431
3640110
3642141
3636557
30515058
3637716
3643909
3647448
3639884
3641815
3636938
3643951
3636137
3641598
3646795
3636995
3640944
3640521
3636163
3643187
30515120
3648182
3643112
3640755
3646518
3640147
3642480
3640209
30515081
3643768
3637774
3641756
3642106
3634761
30515051
3641387
3643149
3645987
3640208
3641160
3643189
3638976
3648282
3647484
3636469
3634792
3647558
3647099
3635755
3647991
3643333
3636935
3645875
3647056
3638873
30514996
3640976
3643461
3639871
3643158
3638462
3644030
3637810
3647989
3645783
3635700
3643952
3645759
30515448
3637418
3637330
3646290
3636168
3638539
3644075
3642609
3639008
3637881
3642340
3636901
3644442
30515377
3647864
3636536
3644028
3638894
3646688
3639679
3636399
3643422
3640706
3644412
3636170
3646153
3646813
3646690
3639505
3637980
3644150
3638540
3645658
30515165
3639204
3639292
3637049
3637826
3639304
3647601
30514974
3635695
3648281
3644478
3646088
30515086
3641724
3635180
3640525
30515240
3639296
3637890
3637754
3638425
3640171
3646486
3643938
3639208
3636186
3635819
3638411
3641608
3647390
3642478
3645019
3636598
3639867
3639183
3643216
3644996
3635616
3640947
3648242
3643014
3645786
3638909
3646820
3642493
3636549
3640256
3639207
3634880
3638382
3644550
3645331
3646834
3635662
3643308
3642799
3643452
3636493
3637032
3642959
3642046
30515309
3644714
3646855
3638394
3643797
3636926
3637758
3638324
3636627
3647105
3638535
30514961
3636395
3635694
3641367
30515269
3638916
3640519
3638410
3642022
3641610
3643321
3643172
3641224
30514965
30515202
3647795
3644705
3642820
3644129
3641932
3646288
3643516
3645718
3645794
3637024
3646082
3642961
3642100
3641386
3647563
3636809
3639827
3647865
3641899
3644845
3634836
3645577
3641226
3642951
3642962
3644545
3641346
30515375
3639343
3640377
3645747
3647223
3640401
3647675
3647605
3642586
3641561
3638977
3641225
3635714
3636969
3644440
3642289
3643453
3637943
30514955
3642916
3638037
30515239
3646669
3638460
3647241
3641377
3635774
3642120
3635593
30515286
3643314
3643171
3647344
30515190
3639530
3637437
3639195
3647685
30515277
3637768
3636574
3636608
3644562
3640438
3636523
3636394
3636838
3635729
3644846
30515057
3647598
3638415
3647483
3637364
30515198
3645579
3643921
3645894
3639349
3645576
3635793
3636635
3638367
3644112
3646135
3647064
3647192
3636802
3641161
3642560
3638920
30515170
3636423
3648092
3638898
3643451
3638935
3648063
3643818
3643796
3639667
30515181
3644563
3635803
3637998
3638822
3640534
3647353
3646908
3638021
3646838
3647039
3647783
30515283
3636415
3638432
3641646
3640518
3635692
3643002
3641138
3638441
3647454
3637760
3637785
3647459
3641173
3636573
3636545
3639554
3643802
3639176
3641562
3648032
3643334
3640134
3639226
3644117
3647596
3639508
3645983
30515282
30515262
3647473
30514994
3648320
3636169
3646681
3636501
3645342
3639321
3641617
3642482
30514993
3635631
3637326
3644593
3637807
3638437
30515412
3635855
30515397
3642295
3648397
3639701
3643913
3646409
3645333
3646833
3636812
3636436
3637048
3634804
3636540
